5.4939684868 0.0000000000 0.0000000000
3.0827526770 4.5475620311 0.0000000000
3.0827565778 1.6345395437 4.2436519763
1 0 0
0 1 0
0 0 1
0.281888098 0.281888604 0.281888098 Li
0.781885922 0.781887352 0.781885922 Li
0.000410128 0.000410128 0.000410128 Nb, Ta
0.500408590 0.500409544 0.500408590 Nb, Ta
0.107624717 0.363286287 0.720374703 O
0.720374584 0.107625745 0.363285393 O
0.363285691 0.720375121 0.107624874 O
0.863283992 0.607624471 0.220378637 O
0.220378831 0.863284767 0.607623518 O
0.607623279 0.220380068 0.863283753 O
