 2.5736278 -1.4858879  4.6208510
 0.0000000  2.9717703  4.6208510
-2.5736278 -1.4858879  4.6208510
 1.0000000  0.0000000  0.0000000
 0.0000000  1.0000000  0.0000000
 0.0000000  0.0000000  1.0000000
 0.2818881  0.2818886  0.2818881 Li
 0.7818859  0.7818873  0.7818859 Li
 0.0004101  0.0004101  0.0004101 Nb, Ta
 0.5004086  0.5004095  0.5004086 Nb, Ta
 0.1076247  0.3632863  0.7203747 O
 0.7203746  0.1076257  0.3632854 O
 0.3632857  0.7203751  0.1076249 O
 0.8632840  0.6076245  0.2203786 O
 0.2203788  0.8632848  0.6076235 O
 0.6076233  0.2203801  0.8632838 O